nose 0.000001 -0.007005 0.422628
right_eye -0.050716 0.112965 0.352421
left_eye 0.050718 0.112965 0.352421
right_front_knee -0.066955 -0.116096 0.200564
left_front_knee 0.067297 -0.116113 0.201416
right_rear_knee -0.062219 -0.156716 -0.125990
left_rear_knee 0.062217 -0.156716 -0.125990
front_spine 0.000001 0.219858 0.178933
rear_spine -0.000001 0.170683 -0.178933
tail 0.000894 -0.045365 -0.233911
left_front_knee_2 0.057269 -0.165349 0.144731
right_front_knee_2 -0.057219 -0.165321 0.145450
left_rear_knee_2 0.071835 -0.193074 -0.180436
right_rear_knee_2 -0.054405 -0.190267 -0.180234
