nose 0.000434 0.071271 0.467340
right_eye -0.036511 0.114325 0.380699
left_eye 0.037360 0.114325 0.380699
right_front_knee -0.061920 -0.161669 0.135330
left_front_knee 0.062769 -0.161669 0.135330
right_rear_knee -0.061135 -0.127035 -0.256455
left_rear_knee 0.061984 -0.127035 -0.256455
front_spine 0.003446 0.170191 0.236519
rear_spine -0.003446 0.187710 -0.236520
tail 0.003531 0.023063 -0.337772
right_rear_knee_2 -0.057021 -0.124235 -0.308207
left_rear_knee_2 0.057870 -0.124235 -0.308207
right_front_knee_2 -0.056152 -0.148371 0.101121
left_front_knee_2 0.057000 -0.148371 0.101121
