nose 0.000786 0.183508 0.492044
right_eye -0.032939 0.189644 0.408718
left_eye 0.033811 0.189644 0.408718
tail -0.000285 -0.031987 -0.253420
front_spine 0.000319 0.149701 0.142351
rear_spine -0.000319 0.184995 -0.142352
left_rear_knee 0.056052 -0.228374 -0.187511
right_rear_knee -0.055272 -0.228363 -0.187503
left_front_knee 0.064639 -0.191231 0.113026
right_front_knee -0.063824 -0.191291 0.113164
left_rear_knee_2 0.054708 -0.234186 -0.232141
right_rear_knee_2 -0.053825 -0.234140 -0.232148
left_front_knee_2 0.057518 -0.195419 0.072661
right_front_knee_2 -0.056684 -0.195470 0.072310
