nose 0.000001 0.216621 0.432522
right_eye -0.029435 0.232054 0.366420
left_eye 0.029423 0.232054 0.366420
right_front_knee -0.061549 -0.219959 0.207984
right_rear_knee -0.055683 -0.172012 -0.196039
left_front_knee 0.062222 -0.205617 0.210065
left_rear_knee 0.055682 -0.172012 -0.196039
tail 0.000000 -0.032523 -0.281548
right_front_knee_2 -0.056843 -0.204563 0.169831
left_front_knee_2 0.062807 -0.205924 0.167839
left_rear_knee_2 0.056055 -0.183683 -0.272470
right_rear_knee_2 -0.054481 -0.193705 -0.275435
front_spine 0.000000 0.117348 0.070673
rear_spine 0.000000 0.119559 -0.070674
