nose -0.000678 0.154607 0.438443
right_eye -0.021059 0.206447 0.372660
left_eye 0.019767 0.206447 0.372626
right_front_knee -0.049213 -0.180000 0.196209
left_front_knee 0.047842 -0.180014 0.196181
right_rear_knee -0.063641 -0.124078 -0.197309
left_rear_knee 0.062293 -0.124099 -0.197284
tail -0.000678 -0.047234 -0.315935
right_rear_knee_2 -0.048027 -0.197200 -0.289301
left_rear_knee_2 0.058187 -0.197700 -0.287599
right_front_knee_2 -0.057901 -0.184938 0.151123
left_front_knee_2 0.056572 -0.184968 0.151117
front_spine -0.000678 0.129448 0.033284
rear_spine 0.000678 0.130922 -0.033284
