nose -0.007239 0.007661 0.451628
right_eye -0.049639 0.091116 0.382289
left_eye 0.035160 0.091115 0.382289
right_front_knee -0.067954 -0.094744 0.181543
left_front_knee 0.053472 -0.094759 0.181549
right_rear_knee -0.080439 -0.088125 -0.247792
left_rear_knee 0.065946 -0.088125 -0.247792
front_spine -0.007155 0.210389 0.274462
rear_spine 0.007156 0.246107 -0.274462
tail -0.007253 0.203695 -0.378602
left_front_knee_2 0.060591 -0.091874 0.134388
right_front_knee_2 -0.062829 -0.092839 0.134585
left_rear_knee_2 0.049252 -0.066212 -0.302299
right_rear_knee_2 -0.063745 -0.066212 -0.302299
