nose 0.000001 0.155857 0.412547
right_eye -0.025730 0.161978 0.334857
left_eye 0.025859 0.161978 0.334857
right_front_knee -0.047600 -0.233183 0.199307
left_front_knee 0.047599 -0.233183 0.199307
right_rear_knee -0.064349 -0.204011 -0.131345
left_rear_knee 0.064347 -0.204011 -0.131346
front_spine 0.000000 0.048807 0.184269
rear_spine 0.000000 0.026112 -0.184269
tail 0.000000 -0.069907 -0.315209
left_front_knee_2 0.051903 -0.312969 0.157874
right_front_knee_2 -0.044677 -0.311804 0.158122
left_rear_knee_2 0.063171 -0.257353 -0.236058
right_rear_knee_2 -0.063158 -0.257353 -0.236059
