nose 0.000000 0.019976 0.472713
right_eye -0.033141 0.109901 0.414026
left_eye 0.033148 0.109897 0.414029
right_front_knee -0.049237 -0.234053 0.179549
left_front_knee 0.049237 -0.234053 0.179550
right_rear_knee -0.055273 -0.213377 -0.187466
left_rear_knee 0.055272 -0.213376 -0.187471
tail -0.000482 -0.097409 -0.308694
left_front_knee_2 0.044235 -0.227518 0.141838
right_front_knee_2 -0.044235 -0.227518 0.141839
left_rear_knee_2 0.041575 -0.206622 -0.230495
right_rear_knee_2 -0.041576 -0.206672 -0.230461
rear_spine 0.000000 0.074396 -0.047844
front_spine 0.000000 0.081499 0.047844
