nose -0.000007 0.208893 0.447527
right_eye -0.037093 0.231841 0.361420
left_eye 0.036994 0.231841 0.361420
right_front_knee -0.060200 -0.202470 0.154768
left_front_knee 0.060198 -0.202458 0.154785
right_rear_knee -0.062794 -0.204337 -0.188071
left_rear_knee 0.062803 -0.204329 -0.188077
front_spine 0.000003 0.165488 0.181022
rear_spine -0.000003 0.124360 -0.181022
tail 0.005761 -0.003038 -0.318852
right_rear_knee_2 -0.056589 -0.194340 -0.224878
left_rear_knee_2 0.056591 -0.194325 -0.224888
right_front_knee_2 -0.046947 -0.204866 0.123373
left_front_knee_2 0.061032 -0.203841 0.123855
