top_left_back 0.147220 0.412535 0.125715
top_right_back -0.149163 0.412535 0.125715
bottom_left_back 0.147220 0.173149 0.130499
bottom_right_back -0.149163 0.173149 0.130499
back_left_seat 0.158619 0.093659 0.103489
back_right_seat -0.160563 0.093659 0.103489
front_left_seat 0.170018 0.093659 -0.236242
front_right_seat -0.171962 0.093659 -0.236242
leg1 0.000697 -0.116803 -0.092967
leg1 -0.016161 -0.190749 -0.182242
leg2 0.108167 -0.190749 -0.116409
leg3 0.083976 -0.190749 0.022177
leg4 -0.055303 -0.190749 0.041996
leg5 -0.117192 -0.190749 -0.084342
