top_left_back 0.184753 0.283492 0.080094
top_right_back -0.189220 0.283492 0.080094
bottom_left_back 0.188611 0.063363 0.049239
bottom_right_back -0.193079 0.063363 0.049239
back_left_seat 0.148644 -0.037261 0.059007
back_right_seat -0.153114 -0.037193 0.058992
front_left_seat 0.150664 -0.023719 -0.282957
front_right_seat -0.155093 -0.023650 -0.282972
leg1 0.211805 -0.230408 -0.275765
leg2 0.195037 -0.225946 0.107210
leg3 -0.207168 -0.226687 0.099441
leg4 -0.217300 -0.230423 -0.274435
