top_left_back 0.144479 0.315459 0.123900
top_right_back -0.145058 0.315459 0.123900
bottom_left_back 0.118593 0.011337 0.081027
bottom_right_back -0.119172 0.011337 0.081027
back_left_seat 0.118593 -0.093089 0.055809
back_right_seat -0.119172 -0.093089 0.055809
front_left_seat 0.188106 -0.093089 -0.287605
front_right_seat -0.188685 -0.093089 -0.287605
leg1 0.178531 -0.300181 -0.278976
leg2 0.144479 -0.294429 0.093136
leg3 -0.145058 -0.294429 0.093136
leg4 -0.179110 -0.300181 -0.278976
