top_left_back 0.173659 0.336898 0.283181
top_right_back -0.236998 0.336898 0.232026
bottom_left_back 0.095563 -0.009660 0.141428
bottom_right_back -0.126520 -0.009660 0.113765
back_left_seat 0.149496 -0.009816 0.147040
back_right_seat -0.180366 -0.009816 0.105954
front_left_seat 0.180991 0.029748 -0.105780
front_right_seat -0.148875 0.029748 -0.146867
leg1 0.177419 -0.014381 -0.040526
leg2 0.122208 -0.092841 0.337177
leg3 -0.201285 -0.092841 0.296877
leg4 -0.162152 -0.014381 -0.082822
