top_left_back 0.257491 0.235278 0.094703
top_right_back -0.254450 0.235278 0.094703
bottom_left_back 0.179169 -0.042050 0.146376
bottom_right_back -0.182356 -0.042050 0.146376
back_left_seat 0.179169 -0.042050 0.146376
back_right_seat -0.182356 -0.042050 0.146376
front_left_seat 0.191742 -0.019646 -0.314557
front_right_seat -0.194828 -0.019646 -0.314557
leg1 0.271737 -0.211520 -0.300438
leg2 0.271737 -0.211521 0.226533
leg3 -0.272649 -0.211521 0.226533
leg4 -0.272649 -0.211520 -0.300438
